#total_s init_s   gen_s    mult_s   cores mat_size
0.206786 0.000101 0.010790 0.195895 1 512
0.250920 0.000101 0.012926 0.237893 1 512
0.213285 0.000103 0.012881 0.200301 1 512
0.202880 0.000102 0.007839 0.194939 1 512
0.240743 0.000105 0.007472 0.233166 1 512
7.426597 0.000102 0.032204 7.394291 1 1024
7.330393 0.000103 0.033901 7.296389 1 1024
7.258880 0.000101 0.032754 7.226025 1 1024
7.227244 0.000038 0.025834 7.201372 1 1024
7.399402 0.000102 0.043635 7.355665 1 1024
73.794940 0.000102 0.083058 73.711780 1 2048
74.965592 0.000037 0.070259 74.895296 1 2048
74.698588 0.000099 0.084116 74.614373 1 2048
75.718912 0.000101 0.088560 75.630251 1 2048
73.576071 0.000100 0.084736 73.491235 1 2048
712.892804 0.000101 0.298345 712.594358 1 4096
723.002421 0.000103 0.292367 722.709951 1 4096
709.304318 0.000102 0.292710 709.011506 1 4096
715.163671 0.000102 0.289810 714.873759 1 4096
781.544611 0.000102 0.293260 781.251249 1 4096
0.265660 0.000040 0.104207 0.161413 2 512
0.263157 0.000111 0.102774 0.160272 2 512
0.260584 0.000111 0.099884 0.160589 2 512
0.261635 0.000109 0.100224 0.161302 2 512
0.263681 0.000040 0.102161 0.161480 2 512
4.238569 0.000110 0.420336 3.818123 2 1024
4.169859 0.000111 0.415479 3.754269 2 1024
4.116364 0.000109 0.397142 3.719113 2 1024
4.166607 0.000111 0.407713 3.758783 2 1024
4.173396 0.000110 0.411045 3.762241 2 1024
40.962820 0.000110 1.418113 39.544597 2 2048
40.737116 0.000111 1.583755 39.153250 2 2048
41.749754 0.000109 1.659357 40.090288 2 2048
41.819841 0.000110 1.723938 40.095793 2 2048
41.207431 0.000111 1.670994 39.536326 2 2048
386.320689 0.000039 6.952247 379.368403 2 4096
386.293981 0.000110 6.691557 379.602314 2 4096
388.180284 0.000110 6.676509 381.503665 2 4096
387.757712 0.000105 6.859361 380.898246 2 4096
388.044479 0.000105 6.718013 381.326361 2 4096
0.257060 0.000037 0.146598 0.110425 3 512
0.233961 0.000038 0.123695 0.110228 3 512
0.254045 0.000109 0.143045 0.110891 3 512
0.260513 0.000040 0.149037 0.111436 3 512
0.262635 0.000040 0.151717 0.110878 3 512
3.223560 0.000110 0.620879 2.602571 3 1024
3.220371 0.000146 0.607273 2.612952 3 1024
3.162072 0.000041 0.613252 2.548779 3 1024
3.160939 0.000040 0.609508 2.551391 3 1024
3.191903 0.000038 0.624855 2.567010 3 1024
32.182240 0.000113 5.151504 27.030623 3 2048
29.443448 0.000041 2.407528 27.035879 3 2048
29.546961 0.000110 2.450511 27.096340 3 2048
29.168509 0.000039 2.486500 26.681970 3 2048
29.649332 0.000107 2.534939 27.114286 3 2048
283.171371 0.000040 9.731733 273.439598 3 4096
301.907963 0.000039 27.864411 274.043513 3 4096
289.203954 0.000074 9.832229 279.371651 3 4096
282.260252 0.000110 9.543278 272.716864 3 4096
279.206985 0.000134 9.302923 269.903928 3 4096
0.206815 0.000041 0.120095 0.086679 4 512
0.202058 0.000041 0.119080 0.082937 4 512
0.211365 0.000041 0.123148 0.088176 4 512
0.195435 0.000041 0.112486 0.082908 4 512
0.205773 0.000042 0.122841 0.082890 4 512
2.392387 0.000041 0.490974 1.901372 4 1024
2.477509 0.000040 0.545347 1.932122 4 1024
2.404062 0.000039 0.474649 1.929374 4 1024
2.381462 0.000110 0.466269 1.915083 4 1024
2.389322 0.000039 0.481249 1.908034 4 1024
22.734584 0.000112 1.937486 20.796986 4 2048
22.769472 0.000068 1.928305 20.841099 4 2048
22.713619 0.000109 1.964738 20.748772 4 2048
22.649657 0.000111 1.908269 20.741277 4 2048
26.199102 0.000039 5.503073 20.695990 4 2048
229.284079 0.000041 7.817896 221.466142 4 4096
227.621998 0.000107 7.715440 219.906451 4 4096
228.159853 0.000154 8.333649 219.826050 4 4096
227.580547 0.000101 7.667025 219.913421 4 4096
237.232761 0.000111 21.587070 215.645580 4 4096
0.261908 0.000110 0.118469 0.143329 5 512
0.268515 0.000111 0.121381 0.147023 5 512
0.251460 0.000111 0.112747 0.138602 5 512
0.251038 0.000113 0.114532 0.136393 5 512
0.270436 0.000040 0.115900 0.154496 5 512
2.806237 0.000110 0.468481 2.337646 5 1024
2.692321 0.000110 0.388885 2.303326 5 1024
2.917014 0.000111 0.600936 2.315967 5 1024
2.794352 0.000111 0.479946 2.314295 5 1024
2.794056 0.000110 0.459088 2.334858 5 1024
30.151571 0.000109 5.218029 24.933433 5 2048
27.393440 0.000112 1.843805 25.549523 5 2048
26.959250 0.000111 1.863001 25.096138 5 2048
26.710109 0.000110 1.693159 25.016840 5 2048
27.257437 0.000111 1.863891 25.393435 5 2048
264.678255 0.000105 7.381702 257.296448 5 4096
259.196528 0.000107 7.243404 251.953017 5 4096
260.073130 0.000110 6.806854 253.266166 5 4096
239.453893 0.000109 6.314054 233.139730 5 4096
253.860192 0.000109 7.346521 246.513562 5 4096
0.275015 0.000110 0.124694 0.150211 6 512
0.254239 0.000110 0.123534 0.130595 6 512
0.274878 0.000120 0.127442 0.147316 6 512
0.277553 0.000111 0.128935 0.148507 6 512
0.278521 0.000110 0.128907 0.149504 6 512
2.455511 0.000037 0.511182 1.944292 6 1024
2.475223 0.000111 0.507611 1.967501 6 1024
3.417116 0.000110 1.468747 1.948259 6 1024
2.462016 0.000111 0.504856 1.957049 6 1024
2.702673 0.000113 0.519007 2.183553 6 1024
24.129165 0.000140 2.058085 22.070940 6 2048
28.044679 0.000111 5.878773 22.165795 6 2048
28.087329 0.000111 5.823907 22.263311 6 2048
24.009676 0.000112 2.068803 21.940761 6 2048
24.013462 0.000109 2.036576 21.976777 6 2048
233.798825 0.000111 8.036566 225.762148 6 4096
232.057409 0.000110 8.255809 223.801490 6 4096
232.472379 0.000112 8.234173 224.238094 6 4096
237.641158 0.000111 7.163314 230.477733 6 4096
242.127048 0.000038 8.227809 233.899201 6 4096
0.405782 0.000041 0.142599 0.263142 7 512
0.352422 0.000042 0.147127 0.205253 7 512
0.399287 0.000041 0.145954 0.253292 7 512
0.414854 0.000110 0.148139 0.266605 7 512
0.329588 0.000110 0.141885 0.187593 7 512
2.523778 0.000110 0.568044 1.955624 7 1024
2.570747 0.000110 0.550592 2.020045 7 1024
2.620252 0.000107 0.580591 2.039554 7 1024
2.564208 0.000042 0.587855 1.976311 7 1024
2.684238 0.000112 0.553764 2.130362 7 1024
24.202126 0.000110 2.325155 21.876861 7 2048
23.424662 0.000109 2.320224 21.104329 7 2048
23.018848 0.000111 2.020031 20.998706 7 2048
24.517571 0.000049 2.292656 22.224866 7 2048
27.526739 0.000039 5.839534 21.687166 7 2048
228.957231 0.000111 8.129281 220.827839 7 4096
233.261078 0.000110 9.284470 223.976498 7 4096
231.300152 0.000040 9.043786 222.256326 7 4096
234.141242 0.000112 9.368062 224.773068 7 4096
231.254358 0.000111 8.723718 222.530529 7 4096
0.376519 0.000040 0.138080 0.238399 8 512
0.374877 0.000038 0.138049 0.236790 8 512
0.377778 0.000040 0.142567 0.235171 8 512
0.375676 0.000043 0.139303 0.236330 8 512
0.379960 0.000043 0.143980 0.235937 8 512
2.448079 0.000110 0.495898 1.952071 8 1024
2.467748 0.000042 0.534718 1.932988 8 1024
2.496587 0.000055 0.560858 1.935674 8 1024
2.509166 0.000039 0.573664 1.935463 8 1024
2.486479 0.000113 0.562523 1.923843 8 1024
23.009035 0.000112 2.300510 20.708413 8 2048
21.574633 0.000111 2.200621 19.373901 8 2048
20.996316 0.000113 2.251458 18.744745 8 2048
21.641063 0.000112 2.244310 19.396641 8 2048
21.498175 0.000113 2.272304 19.225758 8 2048
224.772050 0.000112 9.098900 215.673038 8 4096
226.622632 0.000112 9.008552 217.613968 8 4096
224.770204 0.000110 9.100859 215.669235 8 4096
225.934416 0.000110 9.094506 216.839800 8 4096
222.015833 0.000107 9.090105 212.925621 8 4096
